1 798 800 804 811 815 817 818 822 824 826 830 836 832 835 837 841 831 827 829 823 821 838 840 844 839 849 859 855 852 847 848 854 858 862 864 870 877 902 923 925 813 808 805 803 801 796 793 790 787 786 788 775 771 764 754 751 744 733 728 722 719 717 715 706 696 689 678 673 669 666 663 659 655 647 642 634 626 623 614 610 597 591 b
1 699 698 629 630 631 620 618 613 609 594 589 581 584 573 574 586 590 593 596 598 599 601 603 604 605 606 607 611 616 622 627 638 628 621 692 712 726 820 834 843 866 b
1 583 b
2 288 278 272 261 256 257 254 248 239 235 226 214 185 173 167 157 158 160 154 152 145 142 132 143 114 104 97 92 84 74 67 55 45 38 32 33 29 18 30 42 28 8 47 2 25 19 69 90 93 100 102 108 94 85 79 71 115 120 127 133 138 144 150 161 166 172 174 176 b
2 296 311 324 329 336 341 344 351 361 368 373 377 386 392 399 410 420 430 436 426 442 447 455 466 473 476 472 467 461 448 440 431 414 402 390 384 376 364 349 331 316 348 342 347 287 250 223 129 65 b
2 303 326 335 343 360 369 380 396 415 433 445 469 483 488 497 505 516 519 523 527 528 530 533 539 542 543 545 549 553 541 535 531 485 424 b
2 182 171 3 b
3 1056 1054 1050 1044 1039 1041 1043 1046 1048 1047 1049 1052 1053 1055 1057 1058 1060 1062 1067 1070 1073 1074 1076 1077 1078 1079 1081 1082 1083 1084 1042 1038 1037 1036 1035 1034 1027 1007 1005 1002 1000 997 1059 1061 1063 1065 1069 1071 1072 1075 b
3 1068 1066 1064 1051 1045 1040 1033 1029 1028 1026 1015 1011 1010 1008 1004 999 996 998 1001 1003 1012 1024 1025 1030 1006 1013 1023 1014 1022 1021 1020 1019 1018 1017 1080 b
3 1085 1086 1087 1088 1089 1090 1091 1092 1094 1095 1093 b
4 155 156 147 148 140 139 135 136 131 130 125 124 122 123 119 118 111 112 105 107 98 99 87 88 81 80 76 75 70 68 59 44 34 35 23 24 15 16 10 11 7 4 5 1 12 13 17 20 51 103 146 179 186 189 191 181 180 192 193 204 215 169 170 164 163 159 202 216 217 213 211 209 207 205 201 206 203 200 196 194 188 184 183 178 187 199 210 219 221 228 234 238 244 246 252 259 267 281 300 242 236 230 220 212 190 177 195 198 168 162 149 141 134 b
4 128 109 57 56 54 46 48 50 52 53 58 64 61 73 78 82 91 95 101 113 121 227 249 297 333 352 398 450 478 468 438 b
4 41 40 37 31 27 21 14 6 372 394 412 439 b
4 491 524 526 b
5 556 558 561 564 568 571 578 588 582 592 602 608 617 639 654 658 660 661 668 633 651 650 649 648 644 636 619 b
5 552 551 550 547 546 544 540 537 536 534 529 501 479 475 576 585 595 612 332 330 321 284 b
5 266 262 258 264 269 279 291 b
6 782 791 797 795 807 812 828 825 846 850 856 857 860 863 865 867 869 872 871 873 874 875 878 879 880 881 883 885 886 888 890 892 889 887 891 894 895 896 897 898 907 910 899 900 893 882 884 912 916 921 922 851 776 763 750 742 739 736 734 741 749 756 735 730 727 725 718 714 701 693 682 680 683 684 685 686 b
6 710 703 705 694 681 676 702 700 697 695 691 690 688 687 677 679 675 670 667 665 662 656 652 646 643 641 637 635 632 625 711 716 707 704 709 708 720 746 789 809 819 853 b
6 674 671 672 664 657 653 645 640 624 615 600 587 577 567 559 b
7 915 917 920 926 929 934 935 937 939 940 932 931 928 927 943 944 945 947 948 951 953 955 958 959 961 962 963 966 969 984 986 982 981 977 987 988 989 990 991 992 993 994 995 1009 1016 b
7 913 911 909 906 904 901 769 757 748 738 731 729 761 765 755 759 760 762 767 768 770 772 777 780 781 783 799 792 794 784 802 810 814 773 740 743 752 778 779 b
7 949 950 952 954 956 957 960 964 965 967 971 973 975 979 968 970 972 974 976 978 980 983 985 946 942 941 938 936 933 930 924 919 918 914 908 903 905 b
7 774 766 753 745 737 747 732 724 721 723 713 758 785 806 816 833 842 845 861 868 876 b
7 1032 1031 b
8 1112 1113 1114 1115 1116 1117 1118 1119 1120 1121 1122 1123 1124 1125 1111 1110 1109 1108 1107 1105 1106 1104 1103 1102 1101 1099 1100 1098 b
8 1097 1096 b
9 454 453 470 465 457 451 444 441 437 434 419 400 381 370 346 334 318 289 275 265 251 245 241 237 229 222 208 350 358 363 379 382 385 383 389 401 405 411 416 422 393 397 404 407 413 418 423 425 417 421 427 432 443 452 463 375 365 362 357 356 354 353 480 482 486 490 494 499 502 496 b
9 507 508 511 513 517 520 522 525 532 538 548 554 555 557 560 562 565 569 579 572 580 575 570 566 563 514 506 498 492 484 477 464 462 471 460 459 458 449 446 428 403 388 367 366 340 359 294 286 255 240 231 224 b
10 280 283 285 290 293 295 299 302 277 263 253 247 243 233 225 218 197 175 165 153 137 126 117 110 106 96 89 83 77 72 62 49 43 36 26 22 9 301 309 319 312 325 339 310 307 323 327 337 320 313 306 314 308 304 276 268 273 271 270 274 282 b
10 292 298 305 315 322 328 317 338 345 355 374 378 387 391 395 409 408 406 429 435 456 474 481 487 489 493 495 500 503 504 509 510 512 515 518 521 371 260 232 151 116 86 60 63 66 39 b
